 Subject           Activity tBodyAcc-mean()-X tBodyAcc-mean()-Y tBodyAcc-mean()-Z tGravityAcc-mean()-X
1       10             LAYING         0.2769771       -0.01703330        -0.1108735            0.7406850
2       12             LAYING         0.2736087       -0.01833720        -0.1066491            0.6992225
3       13             LAYING         0.2758959       -0.01765048        -0.1091353            0.7099965
4       18             LAYING         0.2763242       -0.01728315        -0.1081123            0.7168632
5       20             LAYING         0.2684258       -0.01759130        -0.1080291            0.6280406
6       24             LAYING         0.2767670       -0.01768225        -0.1079145            0.6949813
7       22            SITTING         0.2422984       -0.03165614        -0.1056643            0.8701722
8       23            SITTING         0.2734933       -0.01958926        -0.1090940            0.6623247
9       25            SITTING         0.2753015       -0.01932218        -0.1096290            0.6723866
10      26            SITTING         0.2730366       -0.01616873        -0.1076379            0.6151235
11      27            SITTING         0.2772646       -0.01679692        -0.1108483            0.6272301
12      28            SITTING         0.2787393       -0.01879752        -0.1078070            0.6470734
13       2           STANDING         0.2731131       -0.01913232        -0.1156500            0.6607829
14       4           STANDING         0.2741831       -0.01480815        -0.1075214            0.7065930
15       9           STANDING         0.2703138       -0.02094666        -0.1012338            0.6708455
16      10           STANDING         0.2765832       -0.01949093        -0.1121843            0.4412361
17      28           STANDING         0.2761202       -0.01961062        -0.1119393            0.5964899
18      29           STANDING         0.2791115       -0.01847195        -0.1086756            0.6830676
19      30           STANDING         0.2763058       -0.01758561        -0.1058936            0.6968582
20       1            WALKING         0.2656969       -0.01829817        -0.1078457            0.7448674
21       3            WALKING         0.2734287       -0.01785607        -0.1064926            0.7078144
22       5            WALKING         0.2791780       -0.01548335        -0.1056617            0.6981537
23       6            WALKING         0.2723766       -0.01756970        -0.1159945            0.6887021
24       7            WALKING         0.2702117       -0.01879049        -0.1124924            0.6812891
25       8            WALKING         0.2782689       -0.01445371        -0.1090063            0.6017826
26      17 WALKING_DOWNSTAIRS         0.2738494       -0.01751785        -0.1089454            0.6810188
27      19 WALKING_DOWNSTAIRS         0.2697235       -0.01820315        -0.1182772            0.4753230
28      21 WALKING_DOWNSTAIRS         0.2774665       -0.01766646        -0.1087785            0.6457760
29      22 WALKING_DOWNSTAIRS         0.2771567       -0.01573628        -0.1088916            0.5902030
30       8   WALKING_UPSTAIRS         0.2666740       -0.02022160        -0.1056147            0.6723655
31      11   WALKING_UPSTAIRS         0.2765853       -0.01912725        -0.1089418            0.7305262
32      14   WALKING_UPSTAIRS         0.2701846       -0.01625482        -0.1009859            0.6720812
33      15   WALKING_UPSTAIRS         0.2782134       -0.01646448        -0.1125636            0.6888725
34      16   WALKING_UPSTAIRS         0.2778874       -0.01585679        -0.1072639            0.7009061
35      17   WALKING_UPSTAIRS         0.2761349       -0.01781930        -0.1121739            0.9083996
   tGravityAcc-mean()-Y tGravityAcc-mean()-Z tBodyAccJerk-mean()-X tBodyAccJerk-mean()-Y tBodyAccJerk-mean()-Z
1          -0.207161356          0.108410428            0.07946339          0.0169399674         -0.0162372728
2           0.029976776          0.033029554            0.07043031          0.0053115378          0.0003081124
3          -0.042085810          0.044301054            0.07943930          0.0038796195         -0.0123485924
4          -0.015781996          0.089990175            0.07748092          0.0128850449          0.0008485451
5          -0.037305948          0.107230759            0.07981813          0.0022092871         -0.0045061190
6           0.072950970          0.062322771            0.07847350          0.0039690031         -0.0070096056
7          -0.350769157         -0.176535741            0.10589718          0.0320774997         -0.0326983629
8           0.014620920          0.051866247            0.07785882          0.0200470965         -0.0007176809
9           0.047160143          0.239226041            0.08176574          0.0063863388         -0.0103461715
10          0.108704783          0.234107010            0.08087433          0.0076770998         -0.0072489194
11          0.032242387          0.141168696            0.07683204          0.0061771499         -0.0049500061
12         -0.137379481         -0.007976497            0.07929103          0.0135107681          0.0036449487
13         -0.147219887          0.134865335            0.07853532          0.0070877125          0.0007557607
14          0.112591195          0.164130897            0.07886378          0.0035134095         -0.0073737514
15         -0.046744700          0.104353653            0.08401714          0.0067848585         -0.0010299809
16          0.200569180         -0.054532045            0.08052751          0.0046114398         -0.0012874462
17         -0.159514371         -0.092660265            0.08240623          0.0141872458         -0.0024773400
18          0.115489758          0.208215370            0.07883823          0.0090016125         -0.0035529054
19          0.051269819          0.184343178            0.07347993          0.0073043826         -0.0006538719
20         -0.082556258          0.072339870            0.07709305          0.0165908439         -0.0091075873
21         -0.026059048          0.048093790            0.07017313          0.0144664329         -0.0005268189
22          0.112313110          0.092160720            0.08410199          0.0017656830         -0.0029537113
23          0.016205546          0.047519999            0.08138336          0.0004792811         -0.0022589630
24         -0.042022145          0.034216071            0.08318296          0.0076090977         -0.0079172570
25          0.187298247          0.177007409            0.06860954          0.0049641570         -0.0110211650
26          0.002084859          0.004579678            0.08188027          0.0083599305          0.0031364022
27          0.096405263          0.233011401            0.07741711          0.0115812422         -0.0018619885
28         -0.075096307          0.032185177            0.08222079          0.0035010755         -0.0106590727
29          0.059637422          0.266233413            0.07713164          0.0140196361         -0.0053547134
30         -0.055067550          0.032874220            0.09270484         -0.0013720154         -0.0243776606
31          0.052738703          0.140209861            0.08301345          0.0078044254         -0.0065742498
32         -0.111701389         -0.161179728            0.07417575          0.0044368272         -0.0025304469
33          0.102660492          0.037289770            0.07768974          0.0048939205         -0.0044099319
34         -0.060523599          0.040207554            0.07754889          0.0088401833         -0.0014373001
35         -0.198659870         -0.278195592            0.07586270          0.0100040809         -0.0023648437
   tBodyGyro-mean()-X tBodyGyro-mean()-Y tBodyGyro-mean()-Z tBodyGyroJerk-mean()-X tBodyGyroJerk-mean()-Y
1       -0.0150986648        -0.09174339        0.085228553            -0.11199396            -0.03977940
2       -0.0628663473        -0.05920273        0.096074215            -0.07311344            -0.04367882
3       -0.0562470619        -0.06166138        0.098866060            -0.08811824            -0.04408366
4       -0.0373993799        -0.06782001        0.090840287            -0.09440296            -0.04416919
5       -0.0242488812        -0.07894484        0.085628063            -0.09498218            -0.04143561
6       -0.0212578097        -0.07824402        0.084174038            -0.09982942            -0.03907494
7        0.1196143007        -0.17216216       -0.004647508            -0.11905087            -0.05937561
8       -0.0220890418        -0.08259730        0.074694942            -0.09669907            -0.04327227
9       -0.0029815116        -0.08390035        0.099360608            -0.10826388            -0.03898848
10      -0.0206599321        -0.08274151        0.091785329            -0.09881256            -0.04047640
11      -0.0608887603        -0.05521779        0.108947090            -0.08930660            -0.04504145
12      -0.0567790138        -0.04885931        0.096694334            -0.08986499            -0.04566552
13      -0.0517030658        -0.05684202        0.087259942            -0.08755875            -0.04339868
14      -0.0289417907        -0.07872299        0.095717487            -0.10785932            -0.04004276
15      -0.0701318155        -0.07298843        0.109092913            -0.08922549            -0.03973444
16      -0.0255225108        -0.06999039        0.102984770            -0.10022438            -0.04787236
17      -0.0735291512        -0.04514369        0.105692924            -0.08608050            -0.04378100
18      -0.0101831911        -0.08828833        0.088162627            -0.10070775            -0.04643220
19      -0.0354229280        -0.07174825        0.083454459            -0.09267690            -0.04129038
20      -0.0208764064        -0.08807227        0.086264167            -0.09711202            -0.04171648
21      -0.0248490683        -0.07435653        0.086687550            -0.09915546            -0.04019239
22      -0.0294516874        -0.07743164        0.086626712            -0.10352288            -0.04906245
23      -0.0433611785        -0.07061291        0.097313029            -0.08291600            -0.04549210
24      -0.0518716929        -0.06460771        0.097767172            -0.09420374            -0.04144014
25      -0.0246599262        -0.07443947        0.081176835            -0.10711884            -0.03687653
26      -0.0137199916        -0.08412753        0.076160547            -0.10851038            -0.03895035
27      -0.0385723953        -0.06814206        0.088360959            -0.08959394            -0.03832087
28      -0.0276346639        -0.07847197        0.086121267            -0.10055832            -0.04082361
29      -0.0173964515        -0.08928614        0.087560189            -0.10853698            -0.03692280
30       0.0189575502        -0.10012787        0.054790512            -0.10380090            -0.04184142
31      -0.0547328440        -0.05822758        0.087284110            -0.08054733            -0.04939141
32       0.0002536714        -0.09549212        0.060671245            -0.10755613            -0.04332005
33      -0.0281278781        -0.07587885        0.090665852            -0.09609101            -0.04412707
34      -0.0122341447        -0.07244448        0.073014465            -0.10736161            -0.04166157
35      -0.0257577298        -0.06615128        0.087130975            -0.10018330            -0.04176229
   tBodyGyroJerk-mean()-Z tBodyAccMag-mean() tGravityAccMag-mean() tBodyAccJerkMag-mean() tBodyGyroMag-mean()
1             -0.05731096         -0.3574197            -0.3574197            -0.46211064          -0.3883145
2             -0.05745850         -0.5595865            -0.5595865            -0.63005049          -0.6316681
3             -0.05827187         -0.5398716            -0.5398716            -0.62546694          -0.5812154
4             -0.05684826         -0.6583710            -0.6583710            -0.75390468          -0.7147357
5             -0.05430013         -0.5172574            -0.5172574            -0.61969876          -0.5168612
6             -0.05529877         -0.6200327            -0.6200327            -0.71366742          -0.6824472
7             -0.07434227          0.1945987             0.1945987            -0.06620723          -0.1373336
8             -0.06219591         -0.5327548            -0.5327548            -0.58640067          -0.5442080
9             -0.05557822         -0.5833777            -0.5833777            -0.78344535          -0.6257331
10            -0.05582827         -0.6009323            -0.6009323            -0.69491786          -0.6945977
11            -0.05862547         -0.6279477            -0.6279477            -0.70180745          -0.6940160
12            -0.05918932         -0.6445994            -0.6445994            -0.72377936          -0.6835674
13            -0.05575418         -0.5352818            -0.5352818            -0.58777745          -0.6147711
14            -0.05780893         -0.5615821            -0.5615821            -0.65611631          -0.6562911
15            -0.05340288         -0.5051835            -0.5051835            -0.62160825          -0.5502019
16            -0.05192454         -0.8017287            -0.8017287            -0.81629272          -0.7971745
17            -0.06261592         -0.5695700            -0.5695700            -0.64922430          -0.6075390
18            -0.05278600         -0.5535856            -0.5535856            -0.66453806          -0.6022290
19            -0.04935562         -0.5381312            -0.5381312            -0.69705013          -0.5100328
20            -0.04713940         -0.4536329            -0.4536329            -0.54543161          -0.4754048
21            -0.05211783         -0.5631408            -0.5631408            -0.65018243          -0.6431501
22            -0.05062582         -0.4608664            -0.4608664            -0.58931387          -0.6027703
23            -0.05336103         -0.4647700            -0.4647700            -0.55141365          -0.5494949
24            -0.06103079         -0.5113120            -0.5113120            -0.62281577          -0.5818999
25            -0.06025820         -0.6846071            -0.6846071            -0.72572751          -0.6632659
26            -0.05051345         -0.5326903            -0.5326903            -0.67107689          -0.6499128
27            -0.05696494         -0.5315074            -0.5315074            -0.57622525          -0.5489197
28            -0.05338610         -0.6203093            -0.6203093            -0.70346128          -0.6937792
29            -0.05702777         -0.5555084            -0.5555084            -0.64976762          -0.6744799
30            -0.05721740         -0.3509821            -0.3509821            -0.43009252          -0.3744674
31            -0.04801402         -0.5428250            -0.5428250            -0.67981950          -0.6283679
32            -0.04506938         -0.4532626            -0.4532626            -0.60897342          -0.4164598
33            -0.05556455         -0.5272854            -0.5272854            -0.65479969          -0.6177218
34            -0.05394704         -0.6161311            -0.6161311            -0.72524687          -0.7181688
35            -0.05477969         -0.9854190            -0.9854190            -0.99324581          -0.9832996
   tBodyGyroJerkMag-mean() fBodyAcc-mean()-X fBodyAcc-mean()-Y fBodyAcc-mean()-Z fBodyAcc-meanFreq()-X
1               -0.6656910       -0.39157845        -0.3849666        -0.5545730           -0.21059413
2               -0.7772945       -0.57892021        -0.5232871        -0.7266403           -0.18373822
3               -0.7127450       -0.63881791        -0.4934672        -0.6297363           -0.22205665
4               -0.8598999       -0.71422776        -0.6636597        -0.7612292           -0.21028806
5               -0.6840485       -0.61264111        -0.4263987        -0.6650069           -0.22817794
6               -0.7916466       -0.70761378        -0.6115090        -0.6558590           -0.26335230
7               -0.5438860       -0.04145895         0.1231058        -0.1985658           -0.19400238
8               -0.6234126       -0.59908089        -0.5484832        -0.4902128           -0.20872442
9               -0.8496307       -0.74841651        -0.6000277        -0.7385099           -0.30665719
10              -0.7983259       -0.65109030        -0.6104258        -0.7240461           -0.22254583
11              -0.8230677       -0.68145480        -0.6412678        -0.7154829           -0.17030428
12              -0.8137182       -0.68776883        -0.6228411        -0.7414623           -0.20247218
13              -0.7465595       -0.57377091        -0.4325666        -0.6300812           -0.10676342
14              -0.8191914       -0.62880638        -0.5258346        -0.7552354           -0.18451857
15              -0.7629796       -0.57925840        -0.6102678        -0.5921191           -0.29134923
16              -0.8763138       -0.82250593        -0.7208765        -0.8623213           -0.04386153
17              -0.7607086       -0.61481483        -0.5405622        -0.6843190           -0.23594610
18              -0.8022939       -0.57990100        -0.5876863        -0.6805477           -0.16535079
19              -0.7858709       -0.63565013        -0.5584900        -0.6349585           -0.30277540
20              -0.6395174       -0.53189516        -0.4064354        -0.5964112           -0.18055871
21              -0.7840567       -0.62573329        -0.5017799        -0.6996568           -0.19281734
22              -0.7073835       -0.55123771        -0.4402324        -0.6961718           -0.22637069
23              -0.6219362       -0.50617493        -0.3920414        -0.6837259           -0.19153707
24              -0.7131913       -0.59301129        -0.5635478        -0.5310059           -0.31179051
25              -0.7908853       -0.74495216        -0.5818545        -0.7793335           -0.12361490
26              -0.7947088       -0.62246254        -0.5691804        -0.6960598           -0.24385916
27              -0.6834365       -0.58705036        -0.5218881        -0.6470263           -0.21243328
28              -0.8078174       -0.69348610        -0.5937782        -0.7077138           -0.23097617
29              -0.8131345       -0.63565325        -0.5546214        -0.7232829           -0.18007764
30              -0.6098414       -0.49310090        -0.2623941        -0.4267648           -0.26628781
31              -0.8268290       -0.61952403        -0.5314553        -0.7500261           -0.22436042
32              -0.7005209       -0.61951327        -0.4552376        -0.4406507           -0.31917114
33              -0.8052827       -0.58377232        -0.5077352        -0.7417457           -0.21863712
34              -0.8604464       -0.70088515        -0.6715721        -0.6609899           -0.23857046
35              -0.9943098       -0.99449632        -0.9823677        -0.9864958           -0.02094281
   fBodyAcc-meanFreq()-Y fBodyAcc-meanFreq()-Z fBodyAccJerk-mean()-X fBodyAccJerk-mean()-Y
1            0.084378311           0.084612416          -0.412057315           -0.46305824
2            0.044459842           0.068910987          -0.599109318           -0.59129642
3           -0.034831146           0.048726027          -0.660082174           -0.60334049
4            0.014201794           0.002379457          -0.750020077           -0.74411344
5           -0.011441145           0.077961545          -0.652264227           -0.55779129
6           -0.017607924           0.081258080          -0.752245372           -0.70364161
7            0.022307228          -0.014585709           0.007744663           -0.04289897
8            0.029787725           0.089984379          -0.617521837           -0.62823134
9           -0.108650116          -0.074450210          -0.804144643           -0.74057031
10           0.036038214           0.142429402          -0.699413168           -0.69672647
11           0.095965611           0.133213659          -0.714554678           -0.69450966
12          -0.065441815           0.003927182          -0.718019746           -0.70597626
13           0.105734176           0.087210586          -0.561682050           -0.50890380
14           0.084770754          -0.016409686          -0.652023078           -0.60169622
15          -0.087900330          -0.030433423          -0.621377141           -0.69976661
16           0.116334531           0.286965878          -0.826063598           -0.74495007
17          -0.064975576           0.036615755          -0.650093316           -0.62945002
18           0.128076958           0.088627061          -0.629875853           -0.64128908
19          -0.084420856          -0.041548060          -0.685307771           -0.67167367
20           0.057629165           0.058369278          -0.547348892           -0.50734362
21           0.038928252           0.004472614          -0.645893497           -0.58294992
22           0.074863686           0.006266318          -0.604769869           -0.55099197
23           0.059011488           0.113046089          -0.549394274           -0.50355897
24          -0.030071330           0.014662085          -0.637521940           -0.64168733
25           0.076660365           0.130842626          -0.766583223           -0.66234843
26          -0.004126490          -0.005314498          -0.692948207           -0.66959874
27           0.070387363           0.160383894          -0.593157169           -0.59669494
28           0.041276140           0.049552045          -0.716414131           -0.67861512
29           0.038294965           0.087635373          -0.649283146           -0.61341919
30          -0.001047888           0.069937532          -0.496470871           -0.40536897
31           0.031855146           0.050278301          -0.676672987           -0.63237469
32          -0.153083508          -0.107844299          -0.654385009           -0.59869953
33           0.050508538           0.042451960          -0.643469519           -0.60940806
34          -0.027643472           0.027823464          -0.744662042           -0.74862700
35           0.115491514           0.158012227          -0.994117062           -0.98882100
   fBodyAccJerk-mean()-Z fBodyAccJerk-meanFreq()-X fBodyAccJerk-meanFreq()-Y fBodyAccJerk-meanFreq()-Z
1             -0.6456846             -0.1023024225               -0.20683123              -0.046089358
2             -0.7754266             -0.0466198643               -0.20469417              -0.097564020
3             -0.7108317             -0.0241961823               -0.23832855              -0.120605488
4             -0.8330321             -0.0691387922               -0.21180016              -0.123235904
5             -0.7328356             -0.0946565249               -0.29585138              -0.173772101
6             -0.7196557             -0.0570423475               -0.23113163              -0.139771192
7             -0.3881535              0.0909598097               -0.22407250              -0.195922160
8             -0.5788708              0.0173580639               -0.12467018              -0.112528879
9             -0.8495048             -0.1107930095               -0.34775135              -0.235707422
10            -0.7695653             -0.0238396622               -0.16891458              -0.085046285
11            -0.7685745             -0.0104617496               -0.11592211              -0.068159151
12            -0.8045852             -0.0301898898               -0.29885246              -0.150335036
13            -0.7157453              0.0868000536               -0.13977660              -0.094265187
14            -0.8251549             -0.0005439918               -0.18058411              -0.110565549
15            -0.7029319             -0.2191762662               -0.29610774              -0.290292303
16            -0.8784502              0.1151385201               -0.02954141               0.129477227
17            -0.7491877             -0.0389147835               -0.25264486              -0.097649403
18            -0.7684339              0.0107764077               -0.08156113              -0.009526462
19            -0.7554322             -0.1316499762               -0.29414832              -0.168604694
20            -0.6953051             -0.0488005966               -0.21527916              -0.096449638
21            -0.7801016             -0.0476941200               -0.23687424              -0.193657539
22            -0.7687624             -0.1029208450               -0.27429092              -0.163706246
23            -0.7208672             -0.0956140260               -0.30542267              -0.100682391
24            -0.6425157             -0.1197843002               -0.23950171              -0.220260861
25            -0.8258710              0.1067256162               -0.10224137              -0.007328548
26            -0.7864403             -0.1093103046               -0.18471511              -0.183062633
27            -0.6809245              0.0026388296               -0.16078760               0.002255799
28            -0.7673520              0.0168697571               -0.16181449              -0.112817223
29            -0.7655682              0.0647562621               -0.17506641              -0.035794712
30            -0.5455114             -0.0252701802               -0.20540883              -0.123557655
31            -0.8255596             -0.0874254925               -0.24257260              -0.099229632
32            -0.6187122             -0.1486573368               -0.30535538              -0.239200680
33            -0.8055435             -0.0490273567               -0.19740873              -0.073783447
34            -0.7523022             -0.0318889109               -0.19451197              -0.170592442
35            -0.9905980              0.2638204887                0.10816652               0.079331714
   fBodyGyro-mean()-X fBodyGyro-mean()-Y fBodyGyro-mean()-Z fBodyGyro-meanFreq()-X fBodyGyro-meanFreq()-Y
1          -0.5236012         -0.5452232         -0.4584138           -0.100608551            -0.16664960
2          -0.6612468         -0.7447981         -0.6573699           -0.084349830            -0.10730987
3          -0.6586424         -0.6471528         -0.6204712           -0.112645469            -0.08061302
4          -0.7877576         -0.8163859         -0.7559268           -0.113596306            -0.24547725
5          -0.6264454         -0.5910397         -0.5184445           -0.152974669            -0.19728108
6          -0.7226074         -0.7537105         -0.7094886           -0.050107859            -0.09753476
7          -0.2371240         -0.4830802         -0.1585485           -0.119417875            -0.09599214
8          -0.6851365         -0.4977838         -0.6176854           -0.025169280            -0.05927247
9          -0.6721978         -0.8131338         -0.7468322           -0.207601176            -0.34914693
10         -0.7031096         -0.7993531         -0.6894048           -0.016777861            -0.09977745
11         -0.7685057         -0.7954340         -0.7027885           -0.089165360            -0.05265927
12         -0.7048762         -0.7739679         -0.7097272           -0.137808085            -0.26464277
13         -0.6387177         -0.7220690         -0.6015949           -0.005765006            -0.07021550
14         -0.6418820         -0.8315275         -0.6893089           -0.118518212            -0.37533254
15         -0.6398632         -0.6839243         -0.6126805           -0.205909255            -0.24088044
16         -0.8199838         -0.8610509         -0.7923575            0.004415159             0.07375055
17         -0.6386350         -0.7155827         -0.6311278           -0.167839047            -0.27760135
18         -0.6857474         -0.7359723         -0.6892214            0.002010442            -0.25394005
19         -0.6674182         -0.6299107         -0.6156993           -0.231709877            -0.36112280
20         -0.6232192         -0.5053094         -0.5535291           -0.032032410            -0.09015172
21         -0.6420977         -0.7751450         -0.6707347           -0.102568068            -0.16767503
22         -0.6322393         -0.7170622         -0.5373291           -0.038164699            -0.07206660
23         -0.5372014         -0.6211887         -0.5076042            0.028908719            -0.04279002
24         -0.6437676         -0.6304193         -0.6550834           -0.134491773            -0.10388451
25         -0.6831142         -0.7575683         -0.7583613           -0.067513359            -0.12011506
26         -0.7067009         -0.7565542         -0.7044611           -0.081469553            -0.10422332
27         -0.5530896         -0.6413373         -0.6026253           -0.032184261            -0.19629761
28         -0.7520408         -0.7593257         -0.7094714           -0.089010658            -0.18645797
29         -0.6691875         -0.8140855         -0.6790353           -0.167428453            -0.20844861
30         -0.5569240         -0.4771399         -0.3989308           -0.144077266            -0.17224617
31         -0.7099493         -0.7768529         -0.7088430           -0.111874925            -0.18177803
32         -0.6991664         -0.5046332         -0.4239182           -0.241341061            -0.34543476
33         -0.6643544         -0.7607114         -0.7111945           -0.143256674            -0.22213747
34         -0.7897801         -0.8159621         -0.7562866           -0.137899091            -0.15801841
35         -0.9859935         -0.9873923         -0.9886681           -0.076815047            -0.13664510
   fBodyGyro-meanFreq()-Z fBodyAccMag-mean() fBodyAccMag-meanFreq() fBodyBodyAccJerkMag-mean()
1            -0.107037233        -0.38868429            0.138220601               -0.385138891
2            -0.064849392        -0.55928368            0.075592658               -0.564239194
3            -0.005050370        -0.58992811            0.084947568               -0.607295296
4            -0.089092788        -0.69773286            0.091107172               -0.742323822
5            -0.138316973        -0.56027889            0.060492621               -0.584571447
6            -0.055640739        -0.65012187            0.023630057               -0.696845583
7            -0.098726938        -0.02958327            0.320082677                0.003827107
8            -0.022942490        -0.52902928            0.115335185               -0.542663319
9            -0.135139740        -0.69501971           -0.042642361               -0.779190076
10            0.002936524        -0.63175698            0.088328669               -0.679278324
11           -0.007083336        -0.66718580            0.191781300               -0.688572791
12           -0.088251345        -0.65610029            0.015019660               -0.706908799
13            0.051362729        -0.51456986            0.192199738               -0.509746433
14            0.024188940        -0.60209804            0.096363669               -0.635019005
15           -0.196153281        -0.55318645           -0.003582691               -0.609193722
16            0.067411584        -0.78696168            0.245509066               -0.783269770
17           -0.091377657        -0.59676648            0.021477175               -0.638582720
18            0.020351608        -0.58929401            0.162765301               -0.609879937
19           -0.201705724        -0.60037207           -0.030119712               -0.656339724
20           -0.018006394        -0.47844852            0.142062163               -0.499075766
21           -0.032186269        -0.57907645            0.077066559               -0.604752108
22            0.074402899        -0.52850302            0.078145559               -0.573176177
23            0.101044784        -0.47397492            0.102346682               -0.494882316
24           -0.086341238        -0.51832388           -0.010687375               -0.553360010
25            0.003400732        -0.69356839            0.184330722               -0.715745793
26           -0.041885933        -0.61677699            0.021289789               -0.672302753
27           -0.041501377        -0.55640444            0.115775171               -0.576064648
28           -0.022885187        -0.65866472            0.084651261               -0.679742585
29           -0.048164941        -0.61441510            0.087324904               -0.628800132
30           -0.068279917        -0.41339966            0.125985731               -0.427796629
31           -0.081095167        -0.61152807            0.127250350               -0.656133473
32           -0.212818475        -0.49087418           -0.060068127               -0.596896309
33           -0.057976058        -0.56294839            0.061427919               -0.614817605
34           -0.053894629        -0.66696251            0.055866821               -0.713167614
35            0.080181894        -0.99000727            0.202024132               -0.993005947
   fBodyBodyAccJerkMag-meanFreq() fBodyBodyGyroMag-mean() fBodyBodyGyroMag-meanFreq()
1                      0.14291154              -0.5725131               -0.0102385222
2                      0.12632361              -0.7173117               -0.0455357171
3                      0.18286125              -0.6522253                0.0625891806
4                      0.22459655              -0.8162866               -0.0573696679
5                      0.08722347              -0.6069709               -0.0676712910
6                      0.19842201              -0.7541316                0.0194486014
7                      0.19386894              -0.3544497               -0.1409519102
8                      0.20255328              -0.5346572                0.1547231978
9                      0.16822273              -0.7542361               -0.2208203304
10                     0.18046066              -0.7705049               -0.0121587279
11                     0.24674220              -0.7859536                0.0114867379
12                     0.15885475              -0.7627353               -0.1078815529
13                     0.19306682              -0.6997429                0.0471324812
14                     0.16047988              -0.7456508               -0.1293015173
15                     0.09835983              -0.7008631               -0.1088286345
16                     0.20465508              -0.8450249                0.0581290844
17                     0.19088121              -0.7088490               -0.1406950808
18                     0.22745081              -0.7220184               -0.0446469221
19                     0.08170462              -0.6696005               -0.2050945967
20                     0.20005518              -0.5350028                0.0649309438
21                     0.11231984              -0.7168221               -0.0846075231
22                     0.13161930              -0.6773558                0.0622191139
23                     0.08311655              -0.5791301                0.1041933976
24                     0.10869573              -0.6288773               -0.0352276334
25                     0.25995156              -0.7416792                0.0005411992
26                     0.19822988              -0.7509258                0.0077332308
27                     0.23207478              -0.6362880               -0.0199336248
28                     0.24432186              -0.7764731               -0.0057192263
29                     0.15958681              -0.7556643               -0.1309284758
30                     0.27782642              -0.5383481               -0.0361514593
31                     0.15836355              -0.7575859               -0.1097817935
32                     0.13723955              -0.5430305               -0.1385447554
33                     0.15840422              -0.7323945               -0.1496808646
34                     0.22168363              -0.8171288               -0.0501221342
35                     0.42872792              -0.9866076               -0.0284305029
   fBodyBodyGyroJerkMag-mean() fBodyBodyGyroJerkMag-meanFreq() tBodyAcc-std()-X tBodyAcc-std()-Y
1                   -0.7108493                      0.14588335      -0.39198632       -0.3856738
2                   -0.7899029                      0.07058736      -0.58396221       -0.5220400
3                   -0.7120544                      0.15741746      -0.62484446       -0.4488161
4                   -0.8846630                      0.19323149      -0.69461688       -0.6271175
5                   -0.6926381                      0.05042914      -0.60484669       -0.3693367
6                   -0.7950192                      0.16173961      -0.67545918       -0.5824907
7                   -0.6420505                      0.21993430       0.07648325        0.2199528
8                   -0.5841110                      0.16918502      -0.62259404       -0.5320785
9                   -0.8759707                      0.04714829      -0.71626454       -0.5314210
10                  -0.8238653                      0.14753371      -0.62310103       -0.5859671
11                  -0.8375860                      0.20368500      -0.66097609       -0.6304605
12                  -0.8266609                     -0.01339074      -0.68398972       -0.6065498
13                  -0.7516151                      0.12461207      -0.60558650       -0.4289630
14                  -0.8388332                      0.15907573      -0.60521173       -0.5099294
15                  -0.7864740                      0.09277637      -0.55565654       -0.5758879
16                  -0.8851999                      0.16945512      -0.83856434       -0.7278533
17                  -0.7837320                      0.01131230      -0.60813379       -0.5351464
18                  -0.8404642                      0.21243414      -0.57429540       -0.5984003
19                  -0.8112923                      0.04330506      -0.61589079       -0.5190474
20                  -0.6459707                      0.19803158      -0.54579533       -0.3677162
21                  -0.8100855                      0.05996287      -0.62341360       -0.4800159
22                  -0.7488293                      0.03075646      -0.50769101       -0.4027249
23                  -0.6518869                      0.08181762      -0.50508609       -0.3684037
24                  -0.6688792                      0.06319204      -0.57751832       -0.5464034
25                  -0.8174555                      0.22637648      -0.74865489       -0.5634506
26                  -0.8150818                      0.22104950      -0.57538447       -0.5317256
27                  -0.7195190                      0.12862974      -0.57465892       -0.5070351
28                  -0.8262750                      0.20564366      -0.67232387       -0.5655852
29                  -0.8440351                      0.11217521      -0.59189804       -0.5435132
30                  -0.6394384                      0.22231930      -0.49282751       -0.2329408
31                  -0.8648270                      0.11789211      -0.58947650       -0.4903793
32                  -0.7175901                      0.09075795      -0.61167112       -0.3747308
33                  -0.8368019                      0.09555642      -0.55654117       -0.4816795
34                  -0.8727723                      0.15321124      -0.66816150       -0.6499471
35                  -0.9932783                      0.37006459      -0.99504124       -0.9794135
   tBodyAcc-std()-Z tGravityAcc-std()-X tGravityAcc-std()-Y tGravityAcc-std()-Z tBodyAccJerk-std()-X
1       -0.49864700          -0.9647101          -0.9550424          -0.9278017          -0.38813526
2       -0.69929353          -0.9673834          -0.9605729          -0.9468086          -0.58241827
3       -0.58723056          -0.9672681          -0.9535407          -0.9387279          -0.63888953
4       -0.70159604          -0.9801387          -0.9695420          -0.9594342          -0.73464445
5       -0.63478735          -0.9582019          -0.9525068          -0.9409815          -0.62709883
6       -0.63649746          -0.9753297          -0.9608982          -0.9557246          -0.74030054
7       -0.09351844          -0.9396738          -0.9441049          -0.9271924           0.02960141
8       -0.45055720          -0.9643930          -0.9603189          -0.9342361          -0.60818375
9       -0.64709556          -0.9500171          -0.9010888          -0.8806823          -0.79682335
10      -0.70498063          -0.9678179          -0.9597136          -0.9556434          -0.68281565
11      -0.68321533          -0.9746202          -0.9725052          -0.9592004          -0.70054997
12      -0.70744912          -0.9744791          -0.9598807          -0.9464474          -0.71300466
13      -0.58936006          -0.9630155          -0.9600336          -0.9453654          -0.55780960
14      -0.70949274          -0.9626370          -0.9414168          -0.9414034          -0.63185308
15      -0.50611178          -0.9587847          -0.9499381          -0.9205543          -0.57830516
16      -0.85429497          -0.9680728          -0.9534551          -0.9611974          -0.82070712
17      -0.66050717          -0.9731643          -0.9609333          -0.9459661          -0.64313570
18      -0.60646128          -0.9732829          -0.9646432          -0.9416218          -0.62345641
19      -0.52264327          -0.9743191          -0.9522883          -0.9294326          -0.67900725
20      -0.50264575          -0.9598594          -0.9511506          -0.9258176          -0.52472192
21      -0.65362558          -0.9664576          -0.9445645          -0.9269663          -0.63548469
22      -0.64644364          -0.9646291          -0.9399738          -0.9420787          -0.57589054
23      -0.67251200          -0.9588987          -0.9509349          -0.9379102          -0.53146831
24      -0.45647364          -0.9565382          -0.9553126          -0.9233047          -0.61513138
25      -0.76455451          -0.9747513          -0.9559121          -0.9561169          -0.75891396
26      -0.63317444          -0.9699258          -0.9565901          -0.9462802          -0.65596272
27      -0.64918473          -0.9582904          -0.9592538          -0.9418003          -0.57108827
28      -0.66962181          -0.9655866          -0.9693308          -0.9530940          -0.69976334
29      -0.69640930          -0.9598900          -0.9582957          -0.9399558          -0.63018260
30      -0.35527983          -0.9431085          -0.9443855          -0.9052648          -0.47649215
31      -0.66532431          -0.9753945          -0.9571388          -0.9568120          -0.65932308
32      -0.29354271          -0.9412457          -0.9423773          -0.9159278          -0.64196420
33      -0.70570662          -0.9687334          -0.9563695          -0.9472401          -0.62405578
34      -0.60381990          -0.9711564          -0.9647275          -0.9452940          -0.72786174
35      -0.98097648          -0.9933494          -0.9847610          -0.9812917          -0.99401993
   tBodyAccJerk-std()-Y tBodyAccJerk-std()-Z tBodyGyro-std()-X tBodyGyro-std()-Y tBodyGyro-std()-Z
1           -0.44620605           -0.6833303        -0.5888932        -0.4653584        -0.4968588
2           -0.57135982           -0.7926219        -0.7278817        -0.7350628        -0.6710577
3           -0.56970055           -0.7284530        -0.7151099        -0.6457286        -0.6433373
4           -0.73296918           -0.8472578        -0.8045337        -0.7773617        -0.7456125
5           -0.52717460           -0.7473626        -0.6845863        -0.5736774        -0.5272780
6           -0.68597980           -0.7363742        -0.7761990        -0.7633655        -0.7082517
7           -0.02709766           -0.4446409        -0.3775986        -0.4511146        -0.1330599
8           -0.61898123           -0.6030488        -0.7557386        -0.5003382        -0.6096835
9           -0.72250292           -0.8606694        -0.6831320        -0.7522610        -0.7474102
10          -0.67838658           -0.7783495        -0.7666740        -0.8006755        -0.7033472
11          -0.67479229           -0.7836321        -0.7958536        -0.8020487        -0.6741285
12          -0.68720941           -0.8242282        -0.7648140        -0.7650867        -0.7104623
13          -0.49187589           -0.7418854        -0.7106489        -0.7229437        -0.6348889
14          -0.58406320           -0.8433532        -0.7013977        -0.7982357        -0.7263742
15          -0.67892387           -0.7216101        -0.6764524        -0.6704982        -0.5875577
16          -0.73417467           -0.8897395        -0.8492435        -0.8511561        -0.8070396
17          -0.60996388           -0.7735316        -0.7115567        -0.7134274        -0.6221841
18          -0.63549978           -0.7937468        -0.7346993        -0.6345692        -0.7138646
19          -0.66077055           -0.7816445        -0.6710058        -0.5389907        -0.5897834
20          -0.47041240           -0.7173223        -0.6865557        -0.4509798        -0.5974961
21          -0.55721187           -0.7960662        -0.6992622        -0.7630222        -0.7094834
22          -0.50654436           -0.7845620        -0.7099557        -0.7056383        -0.6065898
23          -0.45443750           -0.7389552        -0.6538007        -0.6262521        -0.5999102
24          -0.62299742           -0.6643369        -0.6871555        -0.6524087        -0.6633408
25          -0.62272856           -0.8391043        -0.7225906        -0.7376751        -0.7589987
26          -0.64127947           -0.7980555        -0.7395094        -0.7460293        -0.6978835
27          -0.57131119           -0.7053430        -0.6377899        -0.6438663        -0.6456822
28          -0.66515912           -0.7818239        -0.7961723        -0.7650578        -0.7016420
29          -0.59971491           -0.7837066        -0.7193408        -0.8085494        -0.6928218
30          -0.36951416           -0.5754776        -0.6201161        -0.4802454        -0.3767049
31          -0.60878423           -0.8425118        -0.7399221        -0.7035018        -0.7250160
32          -0.58645962           -0.6568556        -0.7286614        -0.3989594        -0.3644782
33          -0.59431268           -0.8258209        -0.6968595        -0.7087791        -0.7218270
34          -0.73508020           -0.7678730        -0.7995345        -0.8101241        -0.7376300
35          -0.98915812           -0.9920044        -0.9869800        -0.9850732        -0.9879376
   tBodyGyroJerk-std()-X tBodyGyroJerk-std()-Y tBodyGyroJerk-std()-Z tBodyAccMag-std() tGravityAccMag-std()
1             -0.6325058            -0.7084319            -0.6074426        -0.4241859           -0.4241859
2             -0.7097261            -0.8112326            -0.7493519        -0.5743865           -0.5743865
3             -0.7157730            -0.7189886            -0.7127164        -0.5972310           -0.5972310
4             -0.8428935            -0.8840505            -0.8386147        -0.6896719           -0.6896719
5             -0.6983541            -0.6842807            -0.6367159        -0.5723258           -0.5723258
6             -0.7644900            -0.7927187            -0.7968165        -0.6508621           -0.6508621
7             -0.3889556            -0.6655477            -0.4821720        -0.1268889           -0.1268889
8             -0.7286921            -0.5460436            -0.7405181        -0.5655756           -0.5655756
9             -0.7686825            -0.9026281            -0.8318487        -0.6590155           -0.6590155
10            -0.7323214            -0.8361122            -0.7731015        -0.6203558           -0.6203558
11            -0.8210758            -0.8373202            -0.7829456        -0.6778742           -0.6778742
12            -0.7467652            -0.8473026            -0.7936019        -0.6597574           -0.6597574
13            -0.6716791            -0.7835955            -0.6746119        -0.5528125           -0.5528125
14            -0.7237886            -0.9025026            -0.7483691        -0.6065560           -0.6065560
15            -0.7617109            -0.7732739            -0.7446560        -0.5530383           -0.5530383
16            -0.8491400            -0.8928247            -0.8504754        -0.7952473           -0.7952473
17            -0.6897918            -0.7989800            -0.7418454        -0.6078051           -0.6078051
18            -0.7361177            -0.8536396            -0.7702213        -0.5790672           -0.5790672
19            -0.7806364            -0.7989481            -0.7632285        -0.5881581           -0.5881581
20            -0.6378127            -0.6344722            -0.6645920        -0.4970964           -0.4970964
21            -0.6893284            -0.8426599            -0.7430285        -0.5912248           -0.5912248
22            -0.6625813            -0.7741143            -0.5646808        -0.5216235           -0.5216235
23            -0.5460100            -0.6776360            -0.5269083        -0.4837906           -0.4837906
24            -0.7017312            -0.6749201            -0.7508087        -0.5106699           -0.5106699
25            -0.7358831            -0.8172126            -0.8216313        -0.7132870           -0.7132870
26            -0.7709823            -0.8116743            -0.7924126        -0.6060691           -0.6060691
27            -0.6188362            -0.7259914            -0.6866846        -0.5995528           -0.5995528
28            -0.7924832            -0.8158593            -0.8120173        -0.6601960           -0.6601960
29            -0.7324397            -0.8742264            -0.7614106        -0.6304670           -0.6304670
30            -0.6418582            -0.6101285            -0.6276162        -0.4674150           -0.4674150
31            -0.7817381            -0.8683773            -0.7954909        -0.6128823           -0.6128823
32            -0.7862917            -0.6979155            -0.6382991        -0.4740586           -0.4740586
33            -0.7313827            -0.8539566            -0.7956262        -0.5571479           -0.5571479
34            -0.8582987            -0.8695731            -0.8370399        -0.6617197           -0.6617197
35            -0.9918541            -0.9933181            -0.9934003        -0.9868265           -0.9868265
   tBodyAccJerkMag-std() tBodyGyroMag-std() tBodyGyroJerkMag-std() fBodyAcc-std()-X fBodyAcc-std()-Y
1            -0.40909566         -0.5226050             -0.7149134       -0.3934113       -0.4258327
2            -0.56636568         -0.6848581             -0.7863865       -0.5869226       -0.5530766
3            -0.61024854         -0.6363649             -0.7120562       -0.6206020       -0.4625845
4            -0.74521281         -0.7757791             -0.8885653       -0.6878505       -0.6328382
5            -0.58864431         -0.5800236             -0.6835037       -0.6031489       -0.3815340
6            -0.68939119         -0.7429831             -0.7889979       -0.6643567       -0.5946768
7            -0.03635327         -0.2237518             -0.6444164        0.1183395        0.1906738
8            -0.55872531         -0.5419491             -0.5739429       -0.6338391       -0.5544717
9            -0.78045187         -0.6851528             -0.8727762       -0.7052237       -0.5290647
10           -0.67742634         -0.7518337             -0.8182791       -0.6134996       -0.6002748
11           -0.69600335         -0.7547133             -0.8372129       -0.6546594       -0.6495067
12           -0.71447756         -0.7376840             -0.8241745       -0.6831999       -0.6231922
13           -0.51211528         -0.6805849             -0.7400887       -0.6197881       -0.4647239
14           -0.64724997         -0.7067385             -0.8441871       -0.5975513       -0.5346615
15           -0.60886215         -0.6631984             -0.7861769       -0.5479957       -0.5867661
16           -0.77734543         -0.8343779             -0.8800079       -0.8459227       -0.7513840
17           -0.65636554         -0.6796739             -0.7841598       -0.6063816       -0.5622420
18           -0.62047205         -0.6537323             -0.8401564       -0.5727879       -0.6309788
19           -0.65897215         -0.5737794             -0.8103985       -0.6092389       -0.5313215
20           -0.51592217         -0.4998396             -0.6520508       -0.5530606       -0.3901509
21           -0.60765821         -0.6740103             -0.8036614       -0.6238050       -0.5027536
22           -0.58903127         -0.6640784             -0.7341875       -0.4928299       -0.4221622
23           -0.50293506         -0.5798378             -0.6444745       -0.5066803       -0.3966778
24           -0.55056023         -0.5986708             -0.6580178       -0.5723475       -0.5670470
25           -0.72913616         -0.7209382             -0.8258283       -0.7505999       -0.5819534
26           -0.66833156         -0.7303404             -0.8108825       -0.5591430       -0.5425902
27           -0.60191855         -0.6100934             -0.7255987       -0.5708980       -0.5309016
28           -0.68006922         -0.7613031             -0.8240899       -0.6653497       -0.5787486
29           -0.63054668         -0.7096822             -0.8398904       -0.5765861       -0.5675462
30           -0.47490193         -0.5055327             -0.6560087       -0.4954512       -0.2680719
31           -0.66424176         -0.6967714             -0.8669050       -0.5794918       -0.5025702
32           -0.60514427         -0.4714867             -0.7270230       -0.6094064       -0.3768300
33           -0.62566038         -0.6753370             -0.8371201       -0.5471509       -0.5015684
34           -0.71964703         -0.7848229             -0.8748002       -0.6569690       -0.6618445
35           -0.99337502         -0.9816570             -0.9932769       -0.9952510       -0.9783516
   fBodyAcc-std()-Z fBodyAccJerk-std()-X fBodyAccJerk-std()-Y fBodyAccJerk-std()-Z fBodyGyro-std()-X
1        -0.5117645          -0.41862702          -0.46668791           -0.7207366        -0.6120219
2        -0.7099832          -0.60296006          -0.57916805           -0.8085830        -0.7503939
3        -0.5990369          -0.64960623          -0.56212987           -0.7448235        -0.7346580
4        -0.6948741          -0.74251789          -0.73919783           -0.8601690        -0.8121752
5        -0.6475156          -0.63471008          -0.52590761           -0.7605091        -0.7044818
6        -0.6553605          -0.75137815          -0.68828046           -0.7516287        -0.7940635
7        -0.1092914          -0.04165934          -0.08011543           -0.5004761        -0.4231539
8        -0.4747675          -0.63505435          -0.63697761           -0.6275404        -0.7791971
9        -0.6302246          -0.80771253          -0.72170767           -0.8705415        -0.6903985
10       -0.7184905          -0.69431452          -0.68035806           -0.7860491        -0.7874031
11       -0.6921308          -0.71285796          -0.67574479           -0.7973034        -0.8062884
12       -0.7132120          -0.73423850          -0.68830501           -0.8429726        -0.7844656
13       -0.6006786          -0.59510561          -0.50914754           -0.7670870        -0.7345885
14       -0.7087640          -0.64462200          -0.59385515           -0.8605447        -0.7217492
15       -0.5010740          -0.57281989          -0.67906586           -0.7391399        -0.6906899
16       -0.8612179          -0.83137993          -0.74103834           -0.8996833        -0.8589585
17       -0.6753491          -0.66876648          -0.61570527           -0.7968350        -0.7357722
18       -0.6025509          -0.65156419          -0.65552612           -0.8182928        -0.7525678
19       -0.5065704          -0.70187921          -0.67262202           -0.8071849        -0.6768020
20       -0.4985831          -0.54397978          -0.46625168           -0.7378619        -0.7082634
21       -0.6574438          -0.65784406          -0.55985119           -0.8108060        -0.7192766
22       -0.6493512          -0.58401363          -0.49150043           -0.7988356        -0.7357386
23       -0.6943652          -0.55534616          -0.43783746           -0.7557511        -0.6928624
24       -0.4607921          -0.62678574          -0.62853163           -0.6848564        -0.7038836
25       -0.7751671          -0.77281133          -0.60558769           -0.8508223        -0.7362773
26       -0.6290655          -0.64934872          -0.63516301           -0.8083331        -0.7514684
27       -0.6802914          -0.58691013          -0.57259672           -0.7285219        -0.6660713
28       -0.6755882          -0.70980073          -0.67410236           -0.7949228        -0.8110267
29       -0.7064433          -0.64372077          -0.61290713           -0.8008383        -0.7364499
30       -0.3707112          -0.50375370          -0.37519966           -0.6048062        -0.6420930
31       -0.6520957          -0.67219564          -0.60944500           -0.8582596        -0.7517583
32       -0.2750137          -0.66146036          -0.60215894           -0.6944250        -0.7400522
33       -0.7114313          -0.63765516          -0.60585488           -0.8451111        -0.7093362
34       -0.6056467          -0.73477674          -0.73843440           -0.7820895        -0.8049918
35       -0.9787596          -0.99445940          -0.99041481           -0.9919358        -0.9873547
   fBodyGyro-std()-Y fBodyGyro-std()-Z fBodyAccMag-std() fBodyBodyAccJerkMag-std() fBodyBodyGyroMag-std()
1         -0.4298158        -0.5567868        -0.5357604                -0.4473676             -0.5735388
2         -0.7334567        -0.7082332        -0.6505333                -0.5716149             -0.7194381
3         -0.6506236        -0.6857745        -0.6653449                -0.6170755             -0.6919152
4         -0.7596656        -0.7663817        -0.7339041                -0.7501900             -0.7897777
5         -0.5675886        -0.5750022        -0.6483062                -0.5973510             -0.6358163
6         -0.7719698        -0.7357499        -0.7059284                -0.6824471             -0.7820763
7         -0.4374565        -0.2055265        -0.3234643                -0.0977800             -0.2723854
8         -0.5078505        -0.6441310        -0.6570489                -0.5838323             -0.6322885
9         -0.7235844        -0.7712089        -0.6953679                -0.7835472             -0.6972131
10        -0.8036353        -0.7359424        -0.6739178                -0.6780258             -0.7826243
11        -0.8087918        -0.6971473        -0.7348831                -0.7075314             -0.7778104
12        -0.7627356        -0.7386499        -0.7151647                -0.7261221             -0.7670125
13        -0.7271677        -0.6831145        -0.6466623                -0.5188008             -0.7253103
14        -0.7828857        -0.7670896        -0.6729483                -0.6665067             -0.7325863
15        -0.6672032        -0.6194686        -0.6244568                -0.6116193             -0.6977294
16        -0.8467074        -0.8298421        -0.8341573                -0.7709506             -0.8567459
17        -0.7151676        -0.6553942        -0.6757261                -0.6833505             -0.7165974
18        -0.5888580        -0.7491632        -0.6393142                -0.6364345             -0.6714543
19        -0.4963104        -0.6202534        -0.6465228                -0.6646003             -0.5891927
20        -0.4298258        -0.6504762        -0.5897102                -0.5418231             -0.5665767
21        -0.7585053        -0.7510089        -0.6630798                -0.6156437             -0.7038394
22        -0.7022904        -0.6693537        -0.5942595                -0.6134851             -0.7157311
23        -0.6332362        -0.6730203        -0.5709103                -0.5167113             -0.6573687
24        -0.6711619        -0.6989495        -0.5838198                -0.5506833             -0.6509236
25        -0.7286095        -0.7818390        -0.7708779                -0.7492364             -0.7555547
26        -0.7423035        -0.7242598        -0.6619801                -0.6669291             -0.7651906
27        -0.6501054        -0.6947291        -0.6898609                -0.6410890             -0.6623260
28        -0.7713883        -0.7283193        -0.7143457                -0.6837251             -0.7931585
29        -0.8074005        -0.7263763        -0.6996805                -0.6361871             -0.7310339
30        -0.4884901        -0.4300171        -0.5867769                -0.5466555             -0.5720079
31        -0.6708927        -0.7559606        -0.6744702                -0.6769251             -0.7112672
32        -0.3488642        -0.4076721        -0.5482699                -0.6192151             -0.5169305
33        -0.6845047        -0.7516965        -0.6236556                -0.6431012             -0.6953468
34        -0.8094214        -0.7569936        -0.7126810                -0.7298694             -0.8020782
35        -0.9838097        -0.9887329        -0.9862879                -0.9926309             -0.9814461
   fBodyBodyGyroJerkMag-std()
1                  -0.7413978
2                  -0.7973615
3                  -0.7331836
4                  -0.9022068
5                  -0.6946800
6                  -0.7961573
7                  -0.6730876
8                  -0.5937353
9                  -0.8777150
10                 -0.8239914
11                 -0.8482600
12                 -0.8336742
13                 -0.7441950
14                 -0.8630969
15                 -0.8012963
16                 -0.8814962
17                 -0.8006275
18                 -0.8514624
19                 -0.8228056
20                 -0.6858113
21                 -0.8100327
22                 -0.7356106
23                 -0.6601759
24                 -0.6689634
25                 -0.8502424
26                 -0.8200324
27                 -0.7542237
28                 -0.8349499
29                 -0.8475544
30                 -0.7042998
31                 -0.8792540
32                 -0.7605601
33                 -0.8496345
34                 -0.8865332
35                 -0.9934829